image_width: 640
image_height: 480
camera_name: rgb_A00366908202049A
camera_matrix:
  rows: 3
  cols: 3
  data: [518.481, 0, 318.618, 0, 519.115, 254.367, 0, 0, 1]
distortion_model: plumb_bob
distortion_coefficients:
  rows: 1
  cols: 5
  data: [0.153390, -0.281662, -0.000328, 0.000007, 0]
rectification_matrix:
  rows: 3
  cols: 3
  data: [1, 0, 0, 0, 1, 0, 0, 0, 1]
projection_matrix:
  rows: 3
  cols: 4
  data: [527.151733, 0, 318.069401, 0, 0, 528.841797, 253.734599, 0, 0, 0, 1, 0]

