image_width: 640
image_height: 480
camera_name: depth
camera_matrix:
  rows: 3
  cols: 3
  data: [590.882641, 0.000000, 324.671875, 0, 590.409447, 243.477601, 0, 0, 1]
distortion_model: plumb_bob
distortion_coefficients:
  rows: 1
  cols: 5
  data: [-0.008757, 0.016446, 0.000188, 0.004239, 0]
rectification_matrix:
  rows: 3
  cols: 3
  data: [1, 0, 0, 0, 1, 0, 0, 0, 1]
projection_matrix:
  rows: 3
  cols: 4
  data: [589.650085, 0.000000, 326.669006, 0, 0, 591.443909, 243.048907, 0, 0, 0, 1, 0]
