image_width: 640
image_height: 480
camera_name: depth
camera_matrix:
  rows: 3
  cols: 3
  data: [578.154504707386, 0, 329.779191808778, 0, 577.994470079645, 246.195741086543, 0, 0, 1]
distortion_model: plumb_bob
distortion_coefficients:
  rows: 1
  cols: 5
  data: [-0.0422792104876165, 0.0434715860056565, 0.00262967497191708, 0.00212674029420011, 0]
rectification_matrix:
  rows: 3
  cols: 3
  data: [1, 0, 0, 0, 1, 0, 0, 0, 1]
projection_matrix:
  rows: 3
  cols: 4
  data: [572.421203613281, 0, 330.616977408048, 0, 0, 573.253601074219, 246.562964885905, 0, 0, 0, 1, 0]
