# oST version 5.0 parameters


[image]

width
640

height
480

[narrow_stereo/left]

camera matrix
583.393538 0.000000 319.336892
0.000000 582.975072 234.981509
0.000000 0.000000 1.000000

distortion
-0.014618 0.014907 -0.001643 -0.000897 0.000000

rectification
1.000000 0.000000 0.000000
0.000000 1.000000 0.000000
0.000000 0.000000 1.000000

projection
581.164978 0.000000 318.278764 0.000000
0.000000 580.684387 233.913322 0.000000
0.000000 0.000000 1.000000 0.000000

