image_width: 640
image_height: 480
camera_name: rgb
camera_matrix:
  rows: 3
  cols: 3
  data: [563.053145, 0, 292.717853, 0, 562.368685, 222.595039, 0, 0, 1]
distortion_model: plumb_bob
distortion_coefficients:
  rows: 1
  cols: 5
  data: [0.087854, -0.129906, -0.008461, -0.019706, 0]
rectification_matrix:
  rows: 3
  cols: 3
  data: [1, 0, 0, 0, 1, 0, 0, 0, 1]
projection_matrix:
  rows: 3
  cols: 4
  data: [569.147827, 0, 280.257985, 0, 0, 578.846375, 218.416571, 0, 0, 0, 1, 0]
