image_width: 640
image_height: 480
camera_name: rgb
camera_matrix:
  rows: 3
  cols: 3
  data: [548.310034, 0, 325.422087, 0, 548.315081, 228.014026, 0, 0, 1]
distortion_model: plumb_bob
distortion_coefficients:
  rows: 1
  cols: 5
  data: [0.078502, -0.178409, -0.005377, 0.001021, 0]
rectification_matrix:
  rows: 3
  cols: 3
  data: [1, 0, 0, 0, 1, 0, 0, 0, 1]
projection_matrix:
  rows: 3
  cols: 4
  data: [551.133911, 0, 325.661778, 0, 0, 551.851013, 225.713204, 0, 0, 0, 1, 0]
