image_width: 640
image_height: 480
camera_name: depth
camera_matrix:
  rows: 3
  cols: 3
  data: [589.866105, 0, 300.250147, 0, 590.32902, 221.222788, 0, 0, 1]
distortion_model: plumb_bob
distortion_coefficients:
  rows: 1
  cols: 5
  data: [-0.005381, 0.045699, -0.01172, -0.011286, 0]
rectification_matrix:
  rows: 3
  cols: 3
  data: [1, 0, 0, 0, 1, 0, 0, 0, 1]
projection_matrix:
  rows: 3
  cols: 4
  data: [595.838379, 0, 293.732357, 0, 0, 597.321899, 216.045402, 0, 0, 0, 1, 0]
