image_width: 640
image_height: 480
camera_name: rgb
camera_matrix:
  rows: 3
  cols: 3
  data: [536.932208087468, 0, 316.970476945405, 0, 537.313602611428, 239.816405783254, 0, 0, 1]
distortion_model: plumb_bob
distortion_coefficients:
  rows: 1
  cols: 5
  data: [0.0401831337670312, -0.11496922299129, 0.00129232335052751, 0.000645231354545364, 0]
rectification_matrix:
  rows: 3
  cols: 3
  data: [1, 0, 0, 0, 1, 0, 0, 0, 1]
projection_matrix:
  rows: 3
  cols: 4
  data: [535.971801757812, 0, 316.763147451085, 0, 0, 538.064025878906, 239.737630993945, 0, 0, 0, 1, 0]