image_width: 640
image_height: 480
camera_name: depth
camera_matrix:
  rows: 3
  cols: 3
  data: [587.356701, 0, 318.361148, 0, 588.993549, 229.574422, 0, 0, 1]
distortion_model: plumb_bob
distortion_coefficients:
  rows: 1
  cols: 5
  data: [0.01715, -0.014081, -0.009637, -0.001135, 0]
rectification_matrix:
  rows: 3
  cols: 3
  data: [1, 0, 0, 0, 1, 0, 0, 0, 1]
projection_matrix:
  rows: 3
  cols: 4
  data: [593.541199, 0, 317.197748, 0, 0, 591.459534, 225.083784, 0, 0, 0, 1, 0]
