image_width: 640
image_height: 480
camera_name: rgb
camera_matrix:
  rows: 3
  cols: 3
  data: [552.541777, 0.000000, 321.602468, 0, 552.018631, 238.488666, 0, 0, 1]
distortion_model: plumb_bob
distortion_coefficients:
  rows: 1
  cols: 5
  data: [0.070074, -0.141062, 0.000500, 0.005153, 0.000000]
rectification_matrix:
  rows: 3
  cols: 3
  data: [1, 0, 0, 0, 1, 0, 0, 0, 1]
projection_matrix:
  rows: 3
  cols: 4
  data: [555.809875, 0.000000, 323.985644, 0, 0, 557.247620, 238.164008, 0, 0, 0, 1, 0]
